1 87
1 199
1 237
1 467
1 607
1 967
1 1127
1 1319
1 1483
1 1903
1 1943
1 2012
1 2047
1 2287
1 2348
1 2359
1 2464
1 2479
1 2495
1 2507
1 2623
1 2645
1 2719
1 3349
1 3467
1 3514
1 3568
1 3629
1 3633
1 3712
1 3847
1 3919
1 4088
1 4224
1 4287
1 4360
1 4479
1 4927
1 4987
1 5087
1 5167
1 5224
1 5669
1 5687
1 6047
1 6051
1 6110
1 6231
1 6313
1 6317
1 6401
1 6473
1 6497
1 6539
1 6621
1 6847
1 7423
1 7658
1 7738
1 7864
1 8029
1 8079
1 8199
1 8207
1 8248
1 8261
1 8293
1 8342
1 8431
1 8447
1 8508
1 8599
1 8635
1 8644
1 8651
1 8703
1 9392
1 9729
1 9887
1 10000
1 10003
2 10003
1 10004
1 10069
1 10111
1 10339
1 10354
1 10477
1 10499
1 10599
1 10706
1 10822
1 10867
1 11299
1 11423
1 11551
1 11582
1 11637
1 11987
1 12655
1 12739
1 12759
1 12815
1 12919
1 13037
1 13064
1 13097
1 13099
1 13205
1 13438
1 13499
1 13541
1 13687
1 13931
1 13999
1 14017
1 14344
1 14452
1 14475
1 14687
1 14696
1 14731
1 14818
1 14862
1 15137
1 15326
1 15767
1 15823
1 15845
1 15856
1 15949
1 16047
1 16159
1 16383
1 16645
1 16685
1 16708
1 16747
1 16919
1 16987
1 17297
1 17374
2 17374
1 17375
1 17387
1 17419
1 17654
1 17737
1 17855
1 17927
1 18011
1 18028
1 18078
1 18119
1 18211
1 18284
1 18337
1 18342
1 18347
1 18367
1 18429
1 18526
1 18589
1 18591
1 18629
1 18674
1 18687
1 18724
1 18733
1 18943
1 18973
1 18980
1 18987
1 19099
1 19106
1 19152
1 19183
1 19204
1 19421
1 19457
1 19492
1 19607
1 19705
1 19837
1 19844
1 19887
1 20110
1 20168
1 20290
1 20702
1 20723
1 21037
1 21079
1 21279
1 21292
1 21300
1 21343
1 21517
1 21631
1 21774
1 21808
1 21865
1 22210
1 22249
1 22286
1 22387
1 22576
1 22643
1 22769
1 23039
1 23068
1 23110
1 23264
1 23327
1 23344
1 23390
1 23451
1 23471
1 23570
1 23620
1 23692
1 23842
1 23935
1 24012
1 24055
1 24139
1 24199
1 24205
1 24272
1 24277
1 24381
1 24443
1 24447
1 24491
1 24623
1 24637
1 24775
1 24799
1 25024
1 25171
1 25497
1 25603
1 25717
1 25882
1 25937
1 25954
1 26225
1 26239
1 26352
1 26799
1 26923
1 27312
1 27499
1 27527
1 27692
1 27823
1 27964
1 28027
1 28034
1 28066
1 28187
1 28192
1 28257
1 28364
1 28395
1 28479
1 28853
1 28874
1 28885
1 28891
1 29155
1 29231
1 29239
1 29474
1 29509
1 29971
1 30148
1 30173
1 30247
1 30289
1 30519
1 30550
1 30719
1 30950
1 31212
1 31487
1 31555
1 31751
1 32194
1 32337
1 32374
1 32487
1 32503
1 32701
1 32801
1 32939
1 33085
1 33151
1 33257
1 33319
1 33407
1 33599
1 34249
1 34292
1 34483
1 34603
1 34729
1 35707
1 35801
1 36098
1 36463
1 36571
1 36814
1 36904
1 36937
1 36965
1 36991
1 37129
1 37199
1 37212
1 37264
1 38047
1 38054
1 38207
1 38292
1 38598
1 38636
1 38700
1 38785
1 38888
1 38935
1 39014
1 39159
1 39959
1 40015
1 40032
1 40034
1 40107
1 40237
1 40292
1 40367
1 40441
1 40514
1 40697
1 40787
1 40897
1 40995
1 41020
1 41034
1 41107
1 41447
1 41719
1 41869
1 41890
1 42227
1 42250
1 42290
1 42311
1 42542
1 42591
1 42727
1 42919
1 43067
1 43174
1 43213
1 43224
1 43263
1 43451
1 43487
1 43630
1 43687
1 43789
1 43803
1 43807
1 43920
1 43924
1 44037
1 44050
1 44095
1 44102
1 44159
1 44362
1 44505
1 44572
1 44587
1 44599
1 44621
1 44677
1 44687
1 44735
1 44769
1 44819
1 44862
1 44922
1 44934
1 44999
1 45058
1 45104
1 45121
1 45256
1 45343
1 45529
1 45551
1 45562
1 45704
1 45967
1 46052
1 46106
1 46133
1 46160
1 46224
1 46227
1 46287
1 46559
1 46719
1 46724
1 46747
1 46862
1 46902
1 46936
1 46977
1 47119
1 47149
1 47235
1 47267
1 47290
1 47319
1 47402
1 47414
1 47471
1 47487
2 47487
1 47488
1 47514
1 47540
1 47600
1 47612
1 47701
1 47794
1 47924
1 48127
1 48173
1 48191
1 48198
1 48262
1 48277
1 48429
1 48437
1 48502
1 48580
1 48599
1 48687
1 48847
1 48883
1 49010
1 49045
1 49062
1 49321
1 49342
1 49388
1 49444
1 49472
1 49692
1 49877
1 49999
1 50347
1 50368
1 50374
1 50387
1 50429
1 50665
1 50719
1 51026
1 51331
1 51499
1 51575
1 51647
1 51670
1 51707
1 51785
1 51831
1 51967
1 51999
1 52051
1 52055
1 52159
1 52287
1 52331
1 52427
1 52487
1 52496
1 52541
1 52591
1 52643
1 52684
1 52699
1 52750
1 52761
1 52787
1 52851
1 53087
1 53107
1 53180
1 53285
1 53462
1 53522
1 53599
1 53767
1 53791
1 53878
1 53889
1 54172
1 54279
1 54365
1 54389
1 54463
1 54472
1 54606
1 54707
1 54799
1 54840
1 54869
1 54904
1 54935
1 55295
1 55357
1 55418
1 55489
1 55555
1 55768
1 55835
1 55962
1 56023
1 56249
1 56600
1 56652
1 56822
1 56924
1 56952
1 57379
1 57442
1 57604
1 57727
1 57799
1 58063
1 58189
1 58264
1 58285
1 58326
1 58350
1 58478
1 58681
1 58864
1 58915
1 58929
1 58961
1 59023
1 59039
1 59431
1 59437
1 59569
1 59842
1 59852
1 60324
1 60524
1 60659
1 60703
1 60737
1 60794
1 60987
1 61015
1 61069
1 61123
1 61165
1 61294
1 61438
1 61502
1 61721
1 61834
1 61909
1 62093
1 62199
1 62381
1 62463
1 62474
1 62627
1 62744
1 63007
1 63035
1 63290
1 63349
1 63524
1 63692
1 64021
1 64574
1 64718
1 64844
1 64929
1 65169
1 65177
1 65233
1 65312
1 65390
1 65537
1 65635
1 65696
1 65894
1 66034
1 66062
1 66175
1 66199
1 66276
1 66363
1 66399
1 66489
1 66563
1 66874
1 66886
1 66912
1 67033
1 67062
1 67079
1 67192
1 67203
1 67231
1 67294
1 67327
1 67399
1 67472
1 67677
1 67711
1 67726
1 67742
1 67787
1 67853
1 67999
1 68059
1 68124
1 68137
1 68225
1 68305
1 68351
1 68431
1 68485
1 68568
1 68599
1 68654
1 68705
1 69011
1 69019
1 69052
1 69079
1 69152
1 69295
1 69437
1 69487
1 69509
1 69759
1 69827
1 69937
1 70147
1 70171
1 70194
1 70223
1 70264
1 70885
1 70927
1 70952
1 71021
1 71655
1 71679
1 71719
1 71739
1 71893
1 71909
1 71935
1 71950
1 72019
1 72127
1 72175
1 72298
1 72357
1 72541
1 72583
1 72589
1 72715
1 72717
1 72734
1 73007
1 73216
1 73430
1 73579
1 73594
1 73813
1 73839
1 73862
1 74017
1 74024
1 74336
1 74447
1 74570
1 74612
1 74899
1 74927
1 75106
1 75224
1 75239
1 75437
1 75624
1 75631
1 76049
1 76139
1 76151
1 76238
1 76712
1 76797
1 76895
1 77012
1 77120
1 77174
1 77902
1 77937
1 77977
1 77995
1 78032
1 78109
1 78175
1 78207
1 78367
1 78607
1 78718
1 78987
1 79124
1 79359
1 79406
1 79638
1 79771
1 80056
1 80189
1 80236
1 80359
1 80407
1 80433
1 80567
1 80597
1 80639
1 80698
1 80863
1 80877
1 80911
1 80987
1 81119
1 81204
1 81215
1 81313
1 81547
1 81867
1 82039
1 82098
1 82414
1 82621
1 82972
1 83110
1 83126
1 83212
1 83219
1 83236
1 83308
1 83401
1 83407
1 83495
1 83503
1 83687
1 83996
1 84271
1 84408
1 84578
1 84667
1 84766
1 84806
1 84811
1 84881
1 85156
1 85431
1 85651
1 85823
1 86257
1 86402
1 86635
1 86749
1 86820
1 86857
1 86877
1 86899
1 86908
1 86912
1 87097
1 87405
1 87730
1 87884
1 87913
1 87970
1 87979
1 88159
1 88334
1 88542
1 88687
1 88707
1 88892
1 88907
1 89029
1 89132
1 89169
1 89204
1 89237
1 89410
1 89424
1 89473
1 89534
1 89699
1 89803
1 89869
1 89914
1 89979
1 90031
1 90205
1 90240
1 90287
1 90639
1 90826
1 91000
1 91178
1 91297
1 91332
1 91367
1 91519
1 91536
1 91612
1 91757
1 91907
1 91955
1 91987
1 92074
1 92159
1 92229
1 92292
1 92767
1 92777
1 92943
1 93022
1 93169
1 93249
1 93437
1 93554
1 93632
1 93685
1 93831
1 93897
1 93957
1 94074
1 94121
1 94162
1 94191
1 94287
1 94749
1 94775
1 94869
1 95237
1 95296
1 95567
1 95599
1 95903
1 96088
1 96112
1 96134
1 96162
1 96277
1 96279
1 96381
1 96403
1 96671
1 96799
1 97289
1 97313
1 97392
1 97604
1 97631
1 97975
1 97987
1 98011
1 98027
1 98140
1 98290
1 98517
1 98724
1 99263
1 99279
1 99521
1 99583
1 99587
1 99973
1 99991
1 100358
1 100429
1 100594
1 100750
1 100847
1 101237
1 101452
1 101587
1 101695
1 101887
1 101942
1 101947
1 102140
1 102286
1 102362
1 102577
1 102662
1 102784
1 102899
1 103102
1 103164
1 103218
1 103603
1 103720
1 103845
1 103999
1 104212
1 104224
1 104311
1 104499
1 104547
1 104727
1 104793
1 104857
1 104872
1 104959
1 105199
1 105209
1 105328
1 105397
1 105462
1 105566
1 105594
1 105663
1 105725
1 105867
1 105899
1 105962
1 106084
1 106105
1 106190
1 106298
1 106397
1 106429
1 106763
1 106903
1 106907
1 106963
1 107099
1 107167
1 107467
1 107554
1 107568
1 107645
1 107652
1 107743
1 107775
1 107817
1 107873
1 107881
1 107983
1 108146
1 108180
1 108437
1 108487
1 108682
1 108755
1 108967
1 108983
1 108998
1 109141
1 109199
1 109202
1 109249
1 109353
1 109367
1 109462
1 109531
1 109609
1 109651
1 109736
1 109791
1 109895
1 109948
1 110099
1 110120
1 110359
1 110365
1 110402
1 110445
1 110475
1 110531
1 110537
1 110591
1 110617
1 110678
1 110703
1 110722
1 110822
1 110847
1 110870
1 110967
1 110974
1 111119
1 111152
1 111253
1 111286
1 111380
1 111539
1 111547
2 111547
1 111548
1 111909
1 112079
1 112090
1 112157
1 112447
1 112546
1 112568
1 112573
1 112601
1 112650
1 112832
1 112859
1 112979
1 113145
1 113534
1 113599
1 113642
1 113723
1 113764
1 113795
1 113847
1 114047
1 114061
1 114137
1 114161
1 114327
1 114341
1 114358
1 114374
1 114559
1 114687
1 114724
1 114883
1 114943
1 114949
1 115076
1 115168
1 115237
1 115394
1 115477
1 115521
1 116115
1 116207
1 116260
1 116327
1 116357
1 116583
1 116840
1 117071
1 117197
1 117207
1 117319
1 117342
1 117435
1 117447
1 117749
1 118090
1 118862
1 119003
1 119367
1 119386
1 119668
1 119726
1 120212
1 120230
1 120375
1 120532
1 120654
1 120806
1 121001
1 121031
1 121048
1 121175
1 121219
1 121324
1 121362
1 121439
1 121451
1 121544
1 121602
2 121602
1 121603
1 121637
1 121687
1 121719
1 121813
1 121831
1 121903
1 121957
1 121985
1 122209
1 122300
1 122331
1 122820
1 122932
1 122999
1 123062
1 123309
1 123507
1 123575
1 123754
1 123798
1 123818
1 124119
1 124165
1 124393
1 124412
1 124459
1 124519
1 125000
1 125111
1 125234
1 125374
1 125450
1 125457
1 125513
1 125622
1 125747
1 125903
1 126431
1 126444
1 126587
1 126619
1 126642
1 126724
1 126727
1 126775
1 126879
1 126967
1 126976
1 127039
1 127066
1 127093
1 127202
1 127252
1 127291
1 127423
1 127487
1 127529
1 127774
1 127817
1 127957
1 128001
1 128047
1 128074
1 128088
1 128182
1 128324
1 128339
1 128371
1 128374
1 128437
1 128447
1 128505
1 128572
1 128587
1 128600
1 128673
1 128767
1 128815
1 128842
1 128862
1 128953
1 128985
1 129106
1 129167
1 129259
1 129310
1 129343
1 129397
1 129408
1 129437
1 129503
1 129505
1 129559
1 129617
1 129784
2 129784
1 129785
1 129807
1 129869
1 130102
1 130292
1 130462
1 130509
1 130558
1 130591
1 130602
1 130605
1 130766
1 130789
1 130812
1 130868
1 130927
1 131007
1 131143
1 131260
1 131299
1 131312
1 131327
1 131363
1 131368
1 131540
1 131631
1 131785
1 131851
1 132049
1 132203
1 132247
1 132454
1 132461
1 132649
1 132681
1 132848
1 132880
1 133161
2 133161
1 133162
1 133321
1 133347
1 133457
1 133475
1 133559
1 133717
1 133900
1 133987
1 134047
1 134049
1 134134
1 134177
1 134231
1 134260
1 134291
1 134655
1 134687
1 134699
1 134725
1 134766
1 134779
1 134864
1 134962
1 135107
1 135175
1 135583
1 135729
1 135745
1 135761
1 135764
1 135787
1 135937
1 135965
1 135999
1 136064
1 136144
1 136174
1 136201
1 136252
1 136363
1 136447
1 136511
1 136517
1 136740
1 136818
1 136825
1 136849
1 137012
1 137222
1 137285
1 137329
1 137351
1 137407
1 137416
1 137448
1 137531
1 137604
1 137794
1 137879
1 138064
1 138242
1 138344
1 138379
1 138430
1 138594
1 138702
1 138751
1 138874
1 138952
1 139151
1 139212
1 139399
1 139437
1 139628
1 139697
1 139859
1 140359
1 140419
1 140449
1 140575
1 140588
1 140615
1 140671
1 140692
1 140717
1 140932
1 141065
1 141142
1 141190
1 141245
1 141287
1 141331
1 141407
1 141452
1 141473
1 141530
1 141641
1 141854
1 141898
1 141987
1 142119
1 142187
1 142207
1 142239
2 142239
1 142240
1 142274
1 142357
1 142372
1 142447
1 142519
1 142555
1 142781
2 142781
1 142782
1 142867
1 142897
1 142910
1 142967
1 143126
1 143258
1 143279
1 143297
1 143497
1 143522
1 143576
1 143624
1 143762
2 143762
1 143763
1 143807
1 143839
1 143929
1 144302
1 144318
1 144329
1 144455
1 144577
1 144663
1 144714
1 144984
1 145064
1 145210
1 145393
1 145463
1 145529
1 145562
1 145637
1 145767
1 145855
1 145925
1 146094
1 146164
1 146178
1 146353
1 146624
1 146889
1 146899
1 146939
1 147058
1 147131
1 147137
1 147167
1 147339
1 147355
1 147487
1 147514
1 147579
1 147617
1 147650
1 147703
1 147740
1 147848
1 147853
1 147962
1 147973
1 148048
1 148085
1 148199
1 148312
1 148329
1 148351
1 148361
1 148384
1 148479
1 148518
1 148537
1 148627
1 148648
1 148729
1 148735
1 148823
1 148850
1 148887
1 148951
1 148999
1 149033
1 149424
1 149479
1 149489
1 149596
1 149667
1 149687
1 149719
1 149867
1 149995
1 150212
1 150628
1 150697
1 150736
1 150937
1 151187
1 151249
1 151339
1 151350
1 151496
1 151645
1 151829
1 151903
1 152190
2 152190
1 152191
1 152659
1 152674
1 153144
1 153499
1 153664
1 153783
1 154019
1 154234
1 154237
1 154410
1 154602
1 154622
1 154904
1 154939
1 155226
1 155257
1 155294
1 155375
1 155560
1 155583
1 155587
1 155875
1 155915
1 156935
1 156979
1 157215
1 157262
1 157351
1 157379
1 157664
1 157707
1 157745
1 158031
1 158044
1 158207
1 158691
1 158847
1 158872
1 158975
1 159067
1 159079
1 159137
1 159450
1 159470
1 160033
1 160863
1 160972
1 161771
1 162137
1 162145
1 162161
1 162259
1 162271
1 162337
1 162577
1 162647
1 163327
1 163714
1 163817
1 164150
1 164254
1 164364
1 164471
1 164551
1 164605
1 164687
1 164807
1 165059
1 165632
1 165679
1 165714
1 165749
1 166224
1 166354
1 166438
1 166697
1 166795
1 166999
1 167117
1 167359
1 167374
1 167615
1 167692
1 167771
1 167935
1 168095
1 168146
1 168444
1 168739
1 168767
1 168847
1 169022
1 169327
1 169417
1 169432
1 169441
1 169487
1 169637
1 169693
1 169735
1 169762
1 169802
1 169831
1 170116
1 170232
1 170299
1 170390
1 170577
1 170627
1 170657
1 170689
1 170891
1 171104
1 171151
1 171247
1 171287
1 171322
1 171767
1 171827
1 172189
1 172259
1 172437
1 172568
1 172840
1 173164
1 173398
1 173603
1 173695
1 173839
1 173849
1 173876
1 174374
1 174550
1 174695
1 174782
1 174943
1 174980
1 174989
1 175074
1 175405
1 175521
1 176053
1 176511
1 176578
1 176747
1 176879
1 177412
1 177619
1 177673
1 177715
1 177787
1 178001
1 178622
1 179094
1 179171
1 179224
1 179375
1 179477
1 179497
1 179536
1 179779
1 179949
1 180023
1 180055
1 180127
1 180208
1 180481
1 180497
1 180522
1 180669
1 180687
1 180707
1 180722
1 180746
1 180845
1 180949
1 181137
1 181466
1 181577
1 181633
1 181885
1 181967
1 182079
1 182132
1 182148
1 182221
1 182434
1 182447
1 182809
1 183112
1 183217
1 183579
1 183605
1 183676
1 184024
1 184062
1 184130
1 184264
1 184271
1 184280
1 184315
1 184333
1 184356
1 184399
1 184639
1 184645
1 184687
1 184777
1 184827
1 184831
1 185012
1 185069
1 185107
1 185237
1 185299
1 185489
1 185495
1 185546
1 185770
1 185790
1 185954
1 186037
1 186049
1 186062
1 186078
1 186187
1 186237
1 186263
1 186281
1 186288
1 186339
1 186367
1 186455
1 186498
1 186562
1 186598
1 186794
1 186934
1 187063
1 187197
1 187379
1 187388
1 187412
1 187457
1 187511
1 187615
1 187820
1 187937
1 187967
1 187999
1 188007
1 188123
1 188209
1 188323
1 188459
1 188751
1 188869
1 188886
1 188992
1 189080
1 189122
1 189166
1 189325
1 189416
1 189439
1 189496
1 189507
1 189544
1 189587
1 189643
1 189737
1 189809
1 189829
1 189832
1 189923
1 189952
1 190014
1 190031
1 190045
1 190111
1 190137
1 190151
1 190161
1 190182
1 190187
1 190547
1 190642
1 190655
1 190773
1 190903
1 191054
1 191124
1 191139
1 191642
1 191736
1 191762
1 191775
1 191779
1 191814
1 192167
1 192237
1 192364
1 192653
1 192658
1 192717
1 192807
1 192912
1 192932
1 193036
1 193052
1 193294
1 193369
1 193429
1 193437
1 193699
1 193850
1 193962
1 193972
1 194039
1 194122
1 194453
1 194462
1 194522
1 194671
1 194681
1 194865
1 194954
1 195439
1 195614
1 195671
1 195749
1 195785
1 195857
1 196205
1 196222
1 196307
1 196351
1 196369
1 196661
1 196787
1 196799
1 197090
1 197144
1 197172
1 197237
1 197249
1 197381
1 197423
1 197466
1 197578
1 197616
1 197965
1 197983
1 198171
1 198236
1 198245
1 198399
1 198457
1 198652
1 198738
1 198829
1 198939
1 198992
1 199119
1 199244
1 199282
1 199407
1 199439
1 199444
1 199503
1 199524
1 199531
1 199562
1 199627
1 199687
1 199727
1 199873
